=== P4 R3 Bio-Pod Solver (vectorized) ===

Field clusters and per-cluster avg_b2 means:
  dropout_low          wt=0.040  b1_mean= 435.0  b2_mean= 495.0
  ai_default_math      wt=0.180  b1_mean= 792.6  b2_mean= 868.3
  ai_nash_overbid      wt=0.070  b1_mean= 791.2  b2_mean= 885.9
  nice_numbers         wt=0.100  b1_mean= 792.5  b2_mean= 883.3
  conservative         wt=0.050  b1_mean= 787.1  b2_mean= 906.1
  simulator            wt=0.250  b1_mean= 789.1  b2_mean= 878.9
  anti_cluster         wt=0.060  b1_mean= 784.4  b2_mean= 891.0
  overbid              wt=0.040  b1_mean= 812.9  b2_mean= 905.0
  midrange_guesser     wt=0.210  b1_mean= 785.0  b2_mean= 865.0

Sampling 3000 fields (n=4050 teams)...
  avg_b2 dist: mean=862.772, std=1.753
  pcts: p05=859.80  p25=861.63  p50=862.80  p75=863.95  p95=865.59

Dirichlet-weighted (parameter uncertainty):
  avg_b2 dist: mean=862.631, std=10.839
  pcts: p05=841.74  p25=857.19  p50=864.80  p75=870.61  p95=875.85

Sweeping (b1, b2) pairs in [770..814] x [840..919]:
  total pairs: 3600

Top-20 by mean EV:
    b1   b2   mean    p05    p95    min   std
   770  870  80.333 75.265 81.373 69.739 2.089
   770  871  80.205 75.822 80.980 70.068 1.755
   775  870  80.189 75.374 81.176 70.124 1.984
   770  875  80.145 79.265 80.294 72.101 0.667
   775  871  80.067 75.903 80.804 70.437 1.668
   775  875  80.054 79.216 80.196 72.393 0.635
   770  872  80.033 76.414 80.588 70.417 1.437
   771  870  79.921 74.853 80.961 69.327 2.089
   775  872  79.904 76.465 80.431 70.769 1.365
   780  870  79.849 75.288 80.784 70.314 1.880
   770  873  79.817 77.044 80.196 70.789 1.139
   770  876  79.803 79.882 79.882 72.577 0.464
   771  871  79.793 75.410 80.569 69.656 1.755
   780  875  79.767 78.971 79.902 72.489 0.603
   776  870  79.758 74.943 80.745 69.693 1.984
   780  871  79.734 75.789 80.431 70.610 1.580
   771  875  79.733 78.853 79.882 71.690 0.667
   775  876  79.729 79.804 79.804 72.846 0.442
   775  873  79.699 77.064 80.059 71.122 1.082
   776  871  79.636 75.472 80.373 70.005 1.668

Top-15 by min EV (max-min worst case):
    b1   b2   mean    p05    p95    min   std
   775  883  77.784 77.784 77.784 77.784 0.000
   770  883  77.725 77.725 77.725 77.725 0.000
   775  885  77.647 77.647 77.647 77.647 0.000
   780  883  77.647 77.647 77.647 77.647 0.000
   770  885  77.549 77.549 77.549 77.549 0.000
   780  885  77.549 77.549 77.549 77.549 0.000
   775  884  77.373 77.373 77.373 77.373 0.000
   776  883  77.353 77.353 77.353 77.353 0.000
   771  883  77.314 77.314 77.314 77.314 0.000
   785  883  77.314 77.314 77.314 77.314 0.000
   770  884  77.294 77.294 77.294 77.294 0.000
   780  884  77.255 77.255 77.255 77.255 0.000
   785  885  77.255 77.255 77.255 77.255 0.000
   775  886  77.216 77.216 77.216 77.216 0.000
   776  885  77.216 77.216 77.216 77.216 0.000

Top-15 by p05 (5%-tile worst case):
    b1   b2   mean    p05    p95    min   std
   770  876  79.803 79.882 79.882 72.577 0.464
   775  876  79.729 79.804 79.804 72.846 0.442
   780  876  79.458 79.529 79.529 72.919 0.420
   770  877  79.432 79.471 79.471 73.085 0.306
   771  876  79.391 79.471 79.471 72.165 0.464
   775  877  79.375 79.412 79.412 73.331 0.291
   776  876  79.297 79.373 79.373 72.415 0.442
   770  875  80.145 79.265 80.294 72.101 0.667
   775  875  80.054 79.216 80.196 72.393 0.635
   780  877  79.122 79.157 79.157 73.380 0.277
   781  876  79.007 79.078 79.078 72.468 0.420
   770  878  79.042 79.059 79.059 73.631 0.189
   771  877  79.020 79.059 79.059 72.674 0.306
   772  876  78.980 79.059 79.059 71.753 0.464
   785  876  78.991 79.059 79.059 72.797 0.397

Candidate showdown:
    b1   b2 label                           mean    p05    p95    min   std
   790  855 AI default unconstrained       74.551 68.918 80.294 66.792 4.042
   790  870 AI Nash naive                  78.580 74.526 79.412 70.105 1.671
   790  875 above-AI by 5                  78.605 77.893 78.725 72.093 0.540
   790  880 above herd                     77.841 77.843 77.843 74.939 0.049
   790  885 above sim cluster              76.765 76.765 76.765 76.765 0.000
   790  890 above sim cluster +5           75.490 75.490 75.490 75.490 0.000
   790  895 approach all-weather           74.020 74.020 74.020 74.020 0.000
   790  900 all-weather                    72.353 72.353 72.353 72.353 0.000
   785  880 anti-cluster b1                78.430 78.431 78.431 75.366 0.052
   785  885 anti-cluster b1 +5             77.255 77.255 77.255 77.255 0.000
   785  890 anti-cluster v2                75.882 75.882 75.882 75.882 0.000
   785  895 anti-cluster v3                74.314 74.314 74.314 74.314 0.000
   780  885 below b1 herd + above b2       77.549 77.549 77.549 77.549 0.000
   780  890 RECIPE primary                 76.078 76.078 76.078 76.078 0.000
   780  895 RECIPE midweather              74.412 74.412 74.412 74.412 0.000
   780  900 RECIPE all-weather             72.549 72.549 72.549 72.549 0.000
   775  885 RECIPE aggressive              77.647 77.647 77.647 77.647 0.000
   775  890 aggressive +5                  76.078 76.078 76.078 76.078 0.000
   795  885 above b1 + above sim           76.078 76.078 76.078 76.078 0.000
   795  890 above b1 + above sim +5        74.902 74.902 74.902 74.902 0.000
   800  895 high b1 + above-Nash           72.843 72.843 72.843 72.843 0.000
   800  900 high b1 + all-weather          71.373 71.373 71.373 71.373 0.000
