AI-cluster-aware avg_b2: mean=871.441 std=1.174
  pcts: p05=869.44 p25=870.69 p50=871.48 p75=872.22 p95=873.26

Fine grid: b1=775, b2 in [855..900]:
    b2    mean    p05    p95    min   std
   855  71.066 70.132 72.145 69.426 0.621 <- AI cluster
   856  71.335 70.371 72.447 69.643 0.641 <- one past
   857  71.616 70.621 72.764 69.870 0.661
   858  71.910 70.884 73.096 70.108 0.683
   859  72.220 71.159 73.444 70.358 0.705
   860  73.170 72.005 74.514 71.125 0.774
   861  73.533 72.328 74.923 71.418 0.801
   862  73.915 72.668 75.354 71.726 0.829
   863  74.317 73.026 75.807 72.051 0.858
   864  74.741 73.404 76.285 72.394 0.889
   865  75.932 74.464 77.626 73.355 0.976
   866  76.432 74.909 78.190 73.759 1.012
   867  76.961 75.380 78.786 74.186 1.051
   868  77.520 75.879 79.416 74.638 1.088
   869  78.098 76.406 80.084 75.117 1.095
   870  79.557 77.767 81.176 76.351 1.082 <- AI cluster
   871  80.020 78.395 80.804 76.920 0.855 <- one past
   872  80.176 79.062 80.431 77.525 0.496
   873  80.016 79.772 80.059 78.169 0.181
   874  79.685 79.686 79.686 78.856 0.028
   875  80.196 80.196 80.196 80.196 0.000
   876  79.804 79.804 79.804 79.804 0.000
   877  79.412 79.412 79.412 79.412 0.000
   878  79.020 79.020 79.020 79.020 0.000
   879  78.627 78.627 78.627 78.627 0.000
   880  79.020 79.020 79.020 79.020 0.000 <- AI cluster
   881  78.608 78.608 78.608 78.608 0.000 <- one past
   882  78.196 78.196 78.196 78.196 0.000
   883  77.784 77.784 77.784 77.784 0.000
   884  77.373 77.373 77.373 77.373 0.000
   885  77.647 77.647 77.647 77.647 0.000
   886  77.216 77.216 77.216 77.216 0.000
   887  76.784 76.784 76.784 76.784 0.000
   888  76.353 76.353 76.353 76.353 0.000
   889  75.922 75.922 75.922 75.922 0.000
   890  76.078 76.078 76.078 76.078 0.000 <- AI cluster
   891  75.627 75.627 75.627 75.627 0.000 <- one past
   892  75.176 75.176 75.176 75.176 0.000
   893  74.725 74.725 74.725 74.725 0.000
   894  74.275 74.275 74.275 74.275 0.000
   895  74.314 74.314 74.314 74.314 0.000
   896  73.843 73.843 73.843 73.843 0.000
   897  73.373 73.373 73.373 73.373 0.000
   898  72.902 72.902 72.902 72.902 0.000
   899  72.431 72.431 72.431 72.431 0.000
   900  72.353 72.353 72.353 72.353 0.000


b1 sweep, b2 ∈ {870, 871, 875, 876, 880, 881, 890, 891}:
    b1   b2    mean    p05    p95    min   std
   765  870  79.583 77.604 81.373 76.039 1.196
   765  871  80.094 78.298 80.961 76.668 0.945
   765  875  80.196 80.196 80.196 80.196 0.000
   765  876  79.765 79.765 79.765 79.765 0.000
   765  880  78.824 78.824 78.824 78.824 0.000
   765  881  78.373 78.373 78.373 78.373 0.000
   765  885  77.255 77.255 77.255 77.255 0.000
   765  886  76.784 76.784 76.784 76.784 0.000
   765  890  75.490 75.490 75.490 75.490 0.000
   765  891  75.000 75.000 75.000 75.000 0.000
   770  870  79.668 77.784 81.373 76.293 1.139
   770  871  80.155 78.444 80.980 76.892 0.900
   770  875  80.294 80.294 80.294 80.294 0.000
   770  876  79.882 79.882 79.882 79.882 0.000
   770  880  79.020 79.020 79.020 79.020 0.000
   770  881  78.588 78.588 78.588 78.588 0.000
   770  885  77.549 77.549 77.549 77.549 0.000
   770  886  77.098 77.098 77.098 77.098 0.000
   770  890  75.882 75.882 75.882 75.882 0.000
   770  891  75.412 75.412 75.412 75.412 0.000
   775  870  79.557 77.767 81.176 76.351 1.082
   775  871  80.020 78.395 80.804 76.920 0.855
   775  875  80.196 80.196 80.196 80.196 0.000
   775  876  79.804 79.804 79.804 79.804 0.000
   775  880  79.020 79.020 79.020 79.020 0.000
   775  881  78.608 78.608 78.608 78.608 0.000
   775  885  77.647 77.647 77.647 77.647 0.000
   775  886  77.216 77.216 77.216 77.216 0.000
   775  890  76.078 76.078 76.078 76.078 0.000
   775  891  75.627 75.627 75.627 75.627 0.000
   776  870  79.126 77.336 80.745 75.920 1.082
   776  871  79.589 77.963 80.373 76.489 0.855
   776  875  79.765 79.765 79.765 79.765 0.000
   776  876  79.373 79.373 79.373 79.373 0.000
   776  880  78.588 78.588 78.588 78.588 0.000
   776  881  78.176 78.176 78.176 78.176 0.000
   776  885  77.216 77.216 77.216 77.216 0.000
   776  886  76.784 76.784 76.784 76.784 0.000
   776  890  75.647 75.647 75.647 75.647 0.000
   776  891  75.196 75.196 75.196 75.196 0.000
   780  870  79.250 77.554 80.784 76.213 1.025
   780  871  79.689 78.149 80.431 76.752 0.810
   780  875  79.902 79.902 79.902 79.902 0.000
   780  876  79.529 79.529 79.529 79.529 0.000
   780  880  78.824 78.824 78.824 78.824 0.000
   780  881  78.431 78.431 78.431 78.431 0.000
   780  885  77.549 77.549 77.549 77.549 0.000
   780  886  77.137 77.137 77.137 77.137 0.000
   780  890  76.078 76.078 76.078 76.078 0.000
   780  891  75.647 75.647 75.647 75.647 0.000
   781  870  78.799 77.104 80.333 75.762 1.025
   781  871  79.238 77.698 79.980 76.301 0.810
   781  875  79.451 79.451 79.451 79.451 0.000
   781  876  79.078 79.078 79.078 79.078 0.000
   781  880  78.373 78.373 78.373 78.373 0.000
   781  881  77.980 77.980 77.980 77.980 0.000
   781  885  77.098 77.098 77.098 77.098 0.000
   781  886  76.686 76.686 76.686 76.686 0.000
   781  890  75.627 75.627 75.627 75.627 0.000
   781  891  75.196 75.196 75.196 75.196 0.000
   785  870  78.747 77.146 80.196 75.878 0.968
   785  871  79.161 77.707 79.863 76.388 0.765
   785  875  79.412 79.412 79.412 79.412 0.000
   785  876  79.059 79.059 79.059 79.059 0.000
   785  880  78.431 78.431 78.431 78.431 0.000
   785  881  78.059 78.059 78.059 78.059 0.000
   785  885  77.255 77.255 77.255 77.255 0.000
   785  886  76.863 76.863 76.863 76.863 0.000
   785  890  75.882 75.882 75.882 75.882 0.000
   785  891  75.471 75.471 75.471 75.471 0.000
   786  870  78.277 76.675 79.725 75.408 0.968
   786  871  78.691 77.237 79.392 75.917 0.765
   786  875  78.941 78.941 78.941 78.941 0.000
   786  876  78.588 78.588 78.588 78.588 0.000
   786  880  77.961 77.961 77.961 77.961 0.000
   786  881  77.588 77.588 77.588 77.588 0.000
   786  885  76.784 76.784 76.784 76.784 0.000
   786  886  76.392 76.392 76.392 76.392 0.000
   786  890  75.412 75.412 75.412 75.412 0.000
   786  891  75.000 75.000 75.000 75.000 0.000
   790  870  78.048 76.541 79.412 75.348 0.911
   790  871  78.438 77.069 79.098 75.827 0.720
   790  875  78.725 78.725 78.725 78.725 0.000
   790  876  78.392 78.392 78.392 78.392 0.000
   790  880  77.843 77.843 77.843 77.843 0.000
   790  881  77.490 77.490 77.490 77.490 0.000
   790  885  76.765 76.765 76.765 76.765 0.000
   790  886  76.392 76.392 76.392 76.392 0.000
   790  890  75.490 75.490 75.490 75.490 0.000
   790  891  75.098 75.098 75.098 75.098 0.000


FINAL SHOWDOWN: AI-aware vs default Dirichlet:
        pair label                       AI-aware    Default  P3-analog       High
  (790,855) naive math                    70.646     74.551     77.883     68.063    avg=72.786  worst=68.063
  (790,871) 1 past Nash                   78.438     78.478     79.097     72.563    avg=77.144  worst=72.563
  (790,876) 1 past 875 cluster            78.392     78.328     78.392     74.200    avg=77.328  worst=74.200
  (790,881) 1 past 880 cluster            77.490     77.490     77.490     75.300    avg=76.942  worst=75.300
  (790,891) 1 past 890 cluster            75.098     75.098     75.098     74.822    avg=75.029  worst=74.822
  (775,871) lower b1 + 871                80.020     80.067     80.803     73.044    avg=78.484  worst=73.044
  (775,876) lower b1 + 876                79.804     79.729     79.804     74.872    avg=78.552  worst=74.872
  (775,881) lower b1 + 881                78.608     78.607     78.608     76.052    avg=77.969  worst=76.052
  (775,886) lower b1 + 886                77.216     77.216     77.216     76.181    avg=76.957  worst=76.181
  (775,891) lower b1 + 891                75.627     75.627     75.627     75.310    avg=75.548  worst=75.310
  (770,870) 770/870 max-mean              79.668     80.333     81.370     72.506    avg=78.469  worst=72.506
  (770,876) 770/876 robust                79.882     79.803     79.882     74.704    avg=78.568  worst=74.704
  (780,890) RECIPE primary                76.078     76.078     76.078     75.681    avg=75.979  worst=75.681
  (780,891) RECIPE primary +1             75.647     75.647     75.647     75.344    avg=75.571  worst=75.344
  (785,876) anti b1 cluster + anti b2     79.059     78.991     79.059     74.620    avg=77.932  worst=74.620
  (785,881) anti b1 + 881                 78.059     78.058     78.059     75.747    avg=77.481  worst=75.747
  (785,886) anti b1 + 886                 76.863     76.863     76.863     75.923    avg=76.628  worst=75.923
  (765,871) very low b1 + 871             80.094     80.147     80.960     72.384    avg=78.396  worst=72.384
  (765,876) very low b1 + 876             79.765     79.682     79.765     74.340    avg=78.388  worst=74.340
